   5.4105533e+04  -5.9604051e+02   1.8119219e+02   5.3563009e+04   5.3099240e+04   5.0151050e+04   5.4995611e+04
   5.4056234e+04  -7.4059376e+02   1.9665427e+02   5.3506514e+04   5.3067048e+04   5.0043301e+04   5.4939373e+04
   5.4136506e+04  -6.9020549e+02   9.8602462e+01   5.3604820e+04   5.3148537e+04   5.0101197e+04   5.5052113e+04
   5.4232910e+04  -7.3888772e+02   6.4879936e+01   5.3686390e+04   5.3222423e+04   5.0249044e+04   5.5130464e+04
   5.4328158e+04  -7.0098495e+02   8.3267742e+01   5.3801665e+04   5.3285288e+04   5.0425804e+04   5.5248500e+04
   5.4275688e+04  -6.6241021e+02   1.3183094e+02   5.3720812e+04   5.3213869e+04   5.0427516e+04   5.5149860e+04
   5.4334169e+04  -6.8198957e+02   9.4323981e+01   5.3777649e+04   5.3289959e+04   5.0402111e+04   5.5215435e+04
   5.4222244e+04  -5.5415259e+02   7.6750606e+01   5.3665922e+04   5.3167743e+04   5.0355705e+04   5.5087714e+04
   5.4188976e+04  -7.0706679e+02   1.0654863e+02   5.3660939e+04   5.3167858e+04   5.0213577e+04   5.5111768e+04
   5.4354537e+04  -5.7768185e+02   3.0979572e+01   5.3834287e+04   5.3304432e+04   5.0464214e+04   5.5280794e+04
   5.4358056e+04  -6.3467947e+02  -5.9164930e-01   5.3813114e+04   5.3309163e+04   5.0479368e+04   5.5247752e+04
   5.4422754e+04  -6.3640873e+02  -6.4970179e+01   5.3914494e+04   5.3355746e+04   5.0546956e+04   5.5376708e+04
   5.4432117e+04  -5.3049391e+02  -3.3841393e+01   5.3901429e+04   5.3354796e+04   5.0622711e+04   5.5340801e+04
   5.4412745e+04  -5.4431540e+02  -1.9086641e+02   5.3886802e+04   5.3337454e+04   5.0598405e+04   5.5334120e+04
   5.4355115e+04  -4.3388082e+02  -2.4842806e+02   5.3837469e+04   5.3266950e+04   5.0617565e+04   5.5276776e+04
   5.4339111e+04  -4.9486543e+02  -4.1486679e+02   5.3806238e+04   5.3270634e+04   5.0501658e+04   5.5249293e+04
   5.4376267e+04  -3.8320771e+02  -2.6315414e+02   5.3837679e+04   5.3308817e+04   5.0546607e+04   5.5274568e+04
   5.4238075e+04  -5.1161214e+02   2.0467870e+02   5.3722565e+04   5.3197646e+04   5.0373345e+04   5.5171219e+04
   5.4410536e+04  -4.8862314e+02   2.7579281e+02   5.3878832e+04   5.3359747e+04   5.0527388e+04   5.5324776e+04
   5.4464763e+04  -5.6263196e+02   2.0228743e+02   5.3917157e+04   5.3400168e+04   5.0597790e+04   5.5357710e+04
   5.4506291e+04  -4.8892791e+02   5.1331587e+00   5.3992618e+04   5.3438032e+04   5.0641118e+04   5.5451464e+04
   5.4480322e+04  -4.0387946e+02  -2.3881149e+02   5.3927768e+04   5.3386955e+04   5.0741711e+04   5.5353570e+04
   5.4458573e+04  -3.7226994e+02  -3.8360902e+02   5.3946749e+04   5.3391373e+04   5.0630114e+04   5.5400391e+04
   5.4356512e+04  -3.6389372e+02  -3.2172457e+02   5.3844748e+04   5.3267219e+04   5.0578392e+04   5.5290649e+04
   5.4369560e+04  -3.4229625e+02   1.5832872e+01   5.3880657e+04   5.3297188e+04   5.0531072e+04   5.5350026e+04
   5.4435175e+04  -2.6376387e+02   2.7864958e+02   5.3889885e+04   5.3360407e+04   5.0651143e+04   5.5317266e+04
   5.4320411e+04  -4.8697743e+02   2.4945707e+02   5.3789960e+04   5.3270487e+04   5.0422484e+04   5.5239173e+04
   5.4316835e+04  -4.0216939e+02   5.8297713e+01   5.3796358e+04   5.3251837e+04   5.0456250e+04   5.5244573e+04
   5.4361529e+04  -3.6337925e+02  -2.3882392e+02   5.3810402e+04   5.3321337e+04   5.0480518e+04   5.5242429e+04
   5.4346174e+04  -2.3851213e+02  -3.5139113e+02   5.3803525e+04   5.3306761e+04   5.0462205e+04   5.5233170e+04
   5.4281255e+04  -3.6393036e+02  -2.0097211e+02   5.3745812e+04   5.3238556e+04   5.0399456e+04   5.5185855e+04
   5.4381262e+04  -2.4887346e+02   1.8043296e+02   5.3866749e+04   5.3317574e+04   5.0554237e+04   5.5314193e+04
   5.4347493e+04  -3.0034696e+02   2.7513792e+02   5.3812146e+04   5.3301735e+04   5.0486511e+04   5.5245873e+04
   5.4373814e+04  -2.2738224e+02   1.9490797e+02   5.3822043e+04   5.3318734e+04   5.0535526e+04   5.5246256e+04
   5.4211092e+04  -3.6960438e+02   1.4435913e+02   5.3680980e+04   5.3159373e+04   5.0343091e+04   5.5119294e+04
   5.4405381e+04  -4.0031368e+02  -6.5731793e+01   5.3908216e+04   5.3361353e+04   5.0450934e+04   5.5385309e+04
   5.4561222e+04  -2.0729214e+02  -2.6310295e+02   5.4015464e+04   5.3496853e+04   5.0725399e+04   5.5453311e+04
   5.4501383e+04  -1.9007717e+02  -4.0472829e+02   5.3961080e+04   5.3435863e+04   5.0682824e+04   5.5399934e+04
   5.4513983e+04  -4.4206092e+01  -2.4247461e+02   5.3974092e+04   5.3429350e+04   5.0736058e+04   5.5413322e+04
   5.4325442e+04  -1.4578454e+02   2.8588846e+02   5.3783468e+04   5.3259072e+04   5.0503998e+04   5.5219919e+04
   5.4338747e+04  -3.1667714e+02   1.8575316e+02   5.3820930e+04   5.3300103e+04   5.0387638e+04   5.5287583e+04
   5.4369932e+04  -2.4196180e+02  -7.8483066e+01   5.3874499e+04   5.3311014e+04   5.0513619e+04   5.5339320e+04
   5.4425694e+04  -2.1344602e+02  -4.0164135e+02   5.3896612e+04   5.3385195e+04   5.0552361e+04   5.5339654e+04
   5.4503051e+04  -1.4453405e+02  -3.0848429e+02   5.3993740e+04   5.3441135e+04   5.0642156e+04   5.5456580e+04
   5.4478765e+04  -7.6581916e+01   2.5109692e+02   5.3913944e+04   5.3404308e+04   5.0709896e+04   5.5332222e+04
   5.4371037e+04  -2.2445515e+02   2.3003248e+02   5.3821155e+04   5.3311136e+04   5.0518070e+04   5.5263959e+04
   5.4431692e+04  -2.5213975e+02  -1.2583941e+02   5.3950869e+04   5.3358702e+04   5.0595274e+04   5.5436217e+04
   5.4528327e+04  -5.9880035e+01  -4.4581739e+02   5.4019527e+04   5.3445633e+04   5.0720442e+04   5.5476831e+04
   5.4540905e+04  -7.0258703e+01  -6.2724227e+01   5.4049250e+04   5.3449727e+04   5.0779448e+04   5.5508681e+04
   5.4631943e+04  -4.6377731e+01   2.8006959e+02   5.4111706e+04   5.3541776e+04   5.0854544e+04   5.5561677e+04
   5.4485301e+04  -1.9805702e+02   6.3133702e+01   5.3963956e+04   5.3391096e+04   5.0721423e+04   5.5413290e+04
   5.4532039e+04  -9.9590548e+01  -3.2396951e+02   5.4017798e+04   5.3456753e+04   5.0733961e+04   5.5475421e+04
   5.4487901e+04  -5.8066380e+01  -3.5144662e+02   5.4002457e+04   5.3386303e+04   5.0760253e+04   5.5464379e+04
   5.4546209e+04  -4.4482437e+01   1.4447700e+02   5.4051191e+04   5.3459725e+04   5.0773854e+04   5.5513728e+04
   5.4538064e+04  -8.5675417e+01   3.1735079e+02   5.4023787e+04   5.3445221e+04   5.0783388e+04   5.5469853e+04
   5.4485222e+04  -1.9249988e+02   5.9918763e+01   5.3972105e+04   5.3414184e+04   5.0665325e+04   5.5427108e+04
   5.4482596e+04  -9.6389552e+00  -2.5365437e+02   5.3958821e+04   5.3415505e+04   5.0670608e+04   5.5402375e+04
   5.4381260e+04  -1.2634713e+02  -3.9700973e+02   5.3869963e+04   5.3339949e+04   5.0514501e+04   5.5323742e+04
   5.4516905e+04   1.7102807e+01   5.1770734e+01   5.3996814e+04   5.3447718e+04   5.0714869e+04   5.5445793e+04
   5.4460943e+04  -9.8379186e+01   3.7715633e+02   5.3909464e+04   5.3398853e+04   5.0637129e+04   5.5342408e+04
   5.4443572e+04  -1.7639841e+02  -2.4425855e+01   5.3915476e+04   5.3408702e+04   5.0510263e+04   5.5377089e+04
   5.4373260e+04  -5.0905627e+01  -3.3623203e+02   5.3825665e+04   5.3327779e+04   5.0513734e+04   5.5262837e+04
   5.4373036e+04  -1.2968538e+02  -2.6892130e+02   5.3874231e+04   5.3348491e+04   5.0422348e+04   5.5348082e+04
   5.4499521e+04  -4.7628213e+00   2.6928000e+02   5.3973769e+04   5.3428959e+04   5.0678539e+04   5.5416469e+04
   5.4484954e+04  -9.0743998e+01   3.0800162e+02   5.3924208e+04   5.3428688e+04   5.0619755e+04   5.5353263e+04
   5.4483992e+04  -9.5311823e+01  -1.0383285e+02   5.3936226e+04   5.3432702e+04   5.0582637e+04   5.5381325e+04
   5.4317567e+04  -1.2595020e+01  -3.4898641e+02   5.3782830e+04   5.3293821e+04   5.0382266e+04   5.5225842e+04
   5.4388843e+04  -8.5076505e+01   1.4798128e+02   5.3878880e+04   5.3359505e+04   5.0451686e+04   5.5344628e+04
   5.4497121e+04  -5.2813045e+01   3.2424760e+02   5.3986598e+04   5.3430768e+04   5.0666032e+04   5.5435590e+04
   5.4444067e+04  -1.5432978e+02   3.0298447e+01   5.3904294e+04   5.3381917e+04   5.0581272e+04   5.5349989e+04
   5.4487718e+04   6.1492545e+01  -3.7311308e+02   5.3955506e+04   5.3416656e+04   5.0662481e+04   5.5401668e+04
   5.4324193e+04  -1.3427569e+01  -2.2554708e+02   5.3803959e+04   5.3252561e+04   5.0501269e+04   5.5251761e+04
   5.4387931e+04   3.1843965e+01   8.5090501e+01   5.3884447e+04   5.3330924e+04   5.0513792e+04   5.5351135e+04
   5.4421578e+04  -2.0376822e+01   3.4118198e+02   5.3917215e+04   5.3338785e+04   5.0627488e+04   5.5373572e+04
   5.4496255e+04  -8.6672861e+01   2.8760776e+02   5.3976476e+04   5.3429554e+04   5.0634932e+04   5.5435818e+04
   5.4471854e+04  -1.8578570e+01   1.6530077e+02   5.3921822e+04   5.3400105e+04   5.0644628e+04   5.5355813e+04
   5.4330653e+04  -7.8716927e+01  -5.7631788e+01   5.3769152e+04   5.3281212e+04   5.0441740e+04   5.5201865e+04
   5.4379319e+04   5.0634510e+01  -1.1895315e+02   5.3844221e+04   5.3341804e+04   5.0506289e+04   5.5283087e+04
   5.4440020e+04   2.3632128e+01  -3.1818652e+02   5.3905940e+04   5.3386317e+04   5.0571455e+04   5.5354750e+04
   5.4485800e+04   1.2813384e+02  -3.1277330e+02   5.3955943e+04   5.3432172e+04   5.0612379e+04   5.5403468e+04
   5.4387774e+04   1.6128581e+02  -1.8244525e+01   5.3837728e+04   5.3317671e+04   5.0568240e+04   5.5269556e+04
   5.4360152e+04   1.2654719e+02   2.1110610e+02   5.3819845e+04   5.3336015e+04   5.0427020e+04   5.5262809e+04
   5.4293115e+04   5.9287879e+01   2.7055988e+02   5.3724815e+04   5.3265634e+04   5.0350987e+04   5.5151552e+04
   5.4336732e+04  -8.9755974e+01   3.2437005e+02   5.3787579e+04   5.3325359e+04   5.0329738e+04   5.5237519e+04
   5.4501991e+04  -4.9272842e+01   1.4514391e+02   5.3975202e+04   5.3453483e+04   5.0608987e+04   5.5427584e+04
   5.4481470e+04  -6.6359173e+01   1.6015459e+01   5.3931936e+04   5.3431537e+04   5.0581530e+04   5.5372766e+04
   5.4524498e+04   1.5004193e+02  -2.4496060e+02   5.3966073e+04   5.3453536e+04   5.0708891e+04   5.5396016e+04
   5.4334163e+04   6.7305041e+01  -2.9241081e+02   5.3793894e+04   5.3279173e+04   5.0480803e+04   5.5230436e+04
   5.4375841e+04   9.3639526e+01  -1.1440913e+02   5.3867826e+04   5.3329253e+04   5.0464758e+04   5.5328961e+04
   5.4410559e+04   1.7972728e+02   2.5691843e+02   5.3873674e+04   5.3347231e+04   5.0606765e+04   5.5303201e+04
   5.4376032e+04  -1.9749982e+01   3.4022538e+02   5.3835616e+04   5.3335659e+04   5.0462264e+04   5.5280249e+04
   5.4470727e+04   1.5655009e+01   2.2337131e+02   5.3952085e+04   5.3416610e+04   5.0611753e+04   5.5404423e+04
   5.4412469e+04  -7.6396426e+00   1.0910973e+02   5.3889568e+04   5.3327058e+04   5.0605522e+04   5.5338763e+04
   5.4404991e+04   3.9147162e+01   4.6153267e-01   5.3900588e+04   5.3340861e+04   5.0551003e+04   5.5362065e+04
   5.4457120e+04   1.9005277e+02  -2.5884793e+02   5.3918026e+04   5.3393563e+04   5.0643602e+04   5.5351428e+04
   5.4395551e+04   1.0061285e+02  -3.0791722e+02   5.3870465e+04   5.3354251e+04   5.0490148e+04   5.5324750e+04
   5.4465970e+04   1.6900300e+02  -5.1291372e+01   5.3951189e+04   5.3417659e+04   5.0578997e+04   5.5406893e+04
   5.4559269e+04   1.7784762e+02   1.1973097e+02   5.4050675e+04   5.3472889e+04   5.0796321e+04   5.5499251e+04
   5.4614681e+04   2.5906361e+02   2.4267418e+02   5.4093247e+04   5.3513933e+04   5.0887757e+04   5.5534891e+04
   5.4469775e+04   1.0451073e+02   1.7044122e+02   5.3904438e+04   5.3381373e+04   5.0694894e+04   5.5323955e+04
   5.4398822e+04   7.6807211e+01  -1.0636053e+02   5.3890124e+04   5.3346821e+04   5.0475745e+04   5.5361262e+04
   5.4474478e+04   1.4286700e+02  -1.7657923e+02   5.3966412e+04   5.3411657e+04   5.0636683e+04   5.5426054e+04
   5.4581434e+04   1.8862753e+02  -4.0188475e+02   5.4081619e+04   5.3501191e+04   5.0738108e+04   5.5552946e+04
   5.4607660e+04   3.4367830e+02   1.5945099e+02   5.4075775e+04   5.3509273e+04   5.0901707e+04   5.5511168e+04
   5.4469843e+04   1.6310568e+02   3.2592839e+02   5.3907077e+04   5.3414827e+04   5.0631697e+04   5.5340893e+04
   5.4448015e+04   1.5006267e+02  -1.5069061e+02   5.3958710e+04   5.3373639e+04   5.0622479e+04   5.5433522e+04
   5.4455578e+04   1.7849564e+02  -3.3790466e+02   5.3965842e+04   5.3365677e+04   5.0676082e+04   5.5430697e+04
   5.4542451e+04   2.0182338e+02  -1.7170666e+02   5.4058850e+04   5.3461219e+04   5.0718002e+04   5.5534465e+04
   5.4589315e+04   2.4318467e+02   2.8557621e+02   5.4053598e+04   5.3512240e+04   5.0801546e+04   5.5490866e+04
   5.4582259e+04   1.7099921e+02   2.8542140e+02   5.4033656e+04   5.3510264e+04   5.0761557e+04   5.5474242e+04
   5.4476051e+04   5.5348331e+01   2.4113763e+02   5.3945337e+04   5.3402162e+04   5.0623898e+04   5.5401933e+04
   5.4474290e+04   1.1883159e+02   1.8735167e-02   5.3962902e+04   5.3396965e+04   5.0606957e+04   5.5431710e+04
   5.4436177e+04   1.9880471e+02  -1.8877448e+02   5.3905795e+04   5.3377783e+04   5.0587554e+04   5.5350357e+04
   5.4396026e+04   1.4563878e+02  -2.9448731e+02   5.3884687e+04   5.3347542e+04   5.0498092e+04   5.5349772e+04
   5.4464546e+04   2.0490346e+02  -1.0283269e+02   5.3966608e+04   5.3415675e+04   5.0556756e+04   5.5435647e+04
   5.4455639e+04   1.6671307e+02   2.9775035e+02   5.3955383e+04   5.3386925e+04   5.0611015e+04   5.5418974e+04
   5.4569124e+04   1.9010940e+02   2.3077410e+02   5.4052152e+04   5.3498618e+04   5.0731810e+04   5.5508889e+04
   5.4579410e+04   1.8680406e+02   2.9612821e+02   5.4043255e+04   5.3452305e+04   5.0867148e+04   5.5484055e+04
   5.4515544e+04   1.0265886e+02   9.3616913e+01   5.3999478e+04   5.3433157e+04   5.0684494e+04   5.5459394e+04
   5.4520486e+04   2.1537549e+02  -6.6463111e+01   5.4019041e+04   5.3402284e+04   5.0793155e+04   5.5477338e+04
   5.4491925e+04   1.6887511e+02  -3.2145990e+02   5.3969109e+04   5.3420379e+04   5.0667602e+04   5.5419213e+04
   5.4547830e+04   2.6976185e+02  -2.6138406e+02   5.4049088e+04   5.3470615e+04   5.0729353e+04   5.5509224e+04
   5.4565134e+04   2.4134183e+02   1.8331117e+02   5.4039664e+04   5.3475789e+04   5.0782530e+04   5.5487339e+04
   5.4621552e+04   2.3493193e+02   2.5513884e+02   5.4064263e+04   5.3541484e+04   5.0802215e+04   5.5502270e+04
   5.4389437e+04   2.3350320e+02  -4.0726809e+02   5.3836266e+04   5.3336507e+04   5.0479119e+04   5.5280227e+04
   5.4333444e+04   2.5281854e+02   2.2420170e+01   5.3818209e+04   5.3306322e+04   5.0413631e+04   5.5273640e+04
   5.4313112e+04   1.3358461e+02   3.9337948e+02   5.3780690e+04   5.3277558e+04   5.0396420e+04   5.5228393e+04
   5.4461958e+04   1.1085833e+02   1.3884899e+02   5.3961256e+04   5.3433477e+04   5.0497162e+04   5.5434328e+04
   5.4536081e+04   2.9044917e+02  -3.5923765e+02   5.3994905e+04   5.3472097e+04   5.0677069e+04   5.5434245e+04
   5.4499479e+04   3.3274403e+02  -6.6729856e+01   5.3947478e+04   5.3437394e+04   5.0656901e+04   5.5380936e+04
   5.4600436e+04   3.5881857e+02   3.4636944e+02   5.4028995e+04   5.3504365e+04   5.0809578e+04   5.5459213e+04
   5.4326873e+04   2.5689277e+02  -3.6378961e+02   5.3798856e+04   5.3251901e+04   5.0478611e+04   5.5250397e+04
   5.4333299e+04   2.5968925e+02   4.2527540e+00   5.3827968e+04   5.3295026e+04   5.0422814e+04   5.5295812e+04
   5.4449368e+04   2.3177047e+02   3.9783734e+02   5.3933626e+04   5.3369518e+04   5.0622851e+04   5.5390445e+04
   5.4463717e+04   2.3895437e+02  -3.3764953e+02   5.3969256e+04   5.3395387e+04   5.0608203e+04   5.5439816e+04
   5.4651529e+04   3.6616262e+02  -9.9714241e+01   5.4154690e+04   5.3577175e+04   5.0842936e+04   5.5621776e+04
   5.4640958e+04   2.5815604e+02   3.8326799e+02   5.4106447e+04   5.3517540e+04   5.0925498e+04   5.5549682e+04
   5.4601032e+04   3.2405182e+02  -3.9644742e+02   5.4093186e+04   5.3498654e+04   5.0808734e+04   5.5560383e+04
   5.4532059e+04   4.1645097e+02  -5.1733460e+01   5.3993752e+04   5.3420450e+04   5.0814113e+04   5.5423908e+04
   5.4494048e+04   3.1573938e+02   4.1052739e+02   5.3968748e+04   5.3407291e+04   5.0677088e+04   5.5421821e+04
   5.4481055e+04   3.0518108e+02  -2.1520130e+02   5.3976889e+04   5.3402335e+04   5.0653667e+04   5.5443528e+04
   5.4494762e+04   3.5270251e+02  -2.4940944e+02   5.3988423e+04   5.3433222e+04   5.0637930e+04   5.5454493e+04
   5.4653185e+04   3.8496239e+02   1.9987678e+02   5.4158612e+04   5.3551144e+04   5.0884582e+04   5.5630538e+04
   5.4644264e+04   3.8723217e+02   3.8846344e+02   5.4075504e+04   5.3520462e+04   5.0952294e+04   5.5493063e+04
   5.4556314e+04   3.7950209e+02  -4.1705985e+02   5.4022754e+04   5.3471650e+04   5.0717430e+04   5.5476015e+04
   5.4565851e+04   5.5505329e+02   4.7172216e+01   5.4033151e+04   5.3489127e+04   5.0765061e+04   5.5469114e+04
   5.4356875e+04   3.5112237e+02   3.9959039e+02   5.3803812e+04   5.3307467e+04   5.0473871e+04   5.5235541e+04
   5.4460978e+04   2.6017953e+02   9.1974754e+01   5.3967963e+04   5.3428173e+04   5.0491415e+04   5.5449024e+04
   5.4617238e+04   4.4263896e+02  -3.4533105e+02   5.4100299e+04   5.3536007e+04   5.0787979e+04   5.5557537e+04
   5.4663558e+04   4.6114191e+02  -1.0530321e+02   5.4137646e+04   5.3562493e+04   5.0893942e+04   5.5590348e+04
   5.4660130e+04   5.4067601e+02   3.2831361e+02   5.4097092e+04   5.3552853e+04   5.0933944e+04   5.5523494e+04
   5.4472806e+04   3.2959219e+02   1.0123939e+01   5.3928636e+04   5.3404717e+04   5.0614506e+04   5.5377725e+04
   5.4477787e+04   4.9366429e+02  -3.2737473e+02   5.3989277e+04   5.3395816e+04   5.0665012e+04   5.5460509e+04
   5.4475024e+04   4.2291004e+02   1.7467587e+02   5.3964804e+04   5.3406992e+04   5.0650764e+04   5.5420086e+04
   5.4616687e+04   4.7428114e+02   3.7559561e+02   5.4115091e+04   5.3541276e+04   5.0801630e+04   5.5575327e+04
   5.4585702e+04   3.7459488e+02   1.1858043e+02   5.4048962e+04   5.3493964e+04   5.0813083e+04   5.5486842e+04
   5.4522674e+04   4.9896982e+02  -3.3276771e+02   5.3988045e+04   5.3453658e+04   5.0655755e+04   5.5438038e+04
   5.4509230e+04   5.9596517e+02   1.2074165e+02   5.3960788e+04   5.3443308e+04   5.0670239e+04   5.5393586e+04
   5.4441448e+04   3.9367033e+02   4.6272413e+02   5.3898655e+04   5.3396397e+04   5.0534452e+04   5.5345045e+04
   5.4493442e+04   4.1426317e+02  -9.0809136e+01   5.3991800e+04   5.3443448e+04   5.0574411e+04   5.5464460e+04
   5.4541057e+04   4.8244015e+02  -2.6399559e+02   5.4004926e+04   5.3482945e+04   5.0668281e+04   5.5451628e+04
   5.4630186e+04   5.0599906e+02  -1.4822014e+02   5.4130500e+04   5.3549231e+04   5.0793942e+04   5.5603102e+04
   5.4650456e+04   5.9426377e+02   3.9557369e+02   5.4112700e+04   5.3553886e+04   5.0918921e+04   5.5546050e+04
   5.4475395e+04   3.8265703e+02   8.9475506e+01   5.3921815e+04   5.3414505e+04   5.0607051e+04   5.5361021e+04
   5.4482923e+04   5.5374068e+02  -1.2840404e+02   5.3951164e+04   5.3434319e+04   5.0616958e+04   5.5399905e+04
