   0.0000000e+00   0.0000000e+00   0.0000000e+00   0.0000000e+00   8.6736174e-19  -6.9388939e-18
  -2.2336127e-03  -7.0240743e-02   2.5808984e-02  -2.9750301e-04   1.3506163e-05   8.5667253e-05
   7.0317563e-03  -6.3426157e-02  -1.8311839e-03  -4.6293230e-06  -2.5996407e-04   9.7176705e-05
  -4.1817878e-04  -8.0257216e-02   2.3276482e-02  -4.3537428e-04  -2.4440622e-05  -2.8232769e-06
  -4.1640367e-03  -9.1554724e-02  -1.6689178e-02  -2.9762738e-04  -2.3381537e-04   9.9488666e-06
  -1.3239319e-02   2.4993405e-02  -2.3285936e-02  -3.7257707e-05  -1.8436046e-04  -1.1016647e-04
  -1.2065769e-02  -1.2951666e-01  -3.8481633e-03  -1.8024817e-04  -4.1805846e-04  -7.4788624e-05
  -6.2075223e-03   2.0528511e-02  -4.4268215e-02  -9.6260979e-05  -1.1204636e-04   1.1784161e-04
  -4.3354518e-03  -7.6823741e-02  -5.0966474e-03   1.2185488e-04  -2.1140870e-04   1.3734459e-04
  -2.2054141e-04  -5.9872152e-02  -2.3255415e-02  -6.3905956e-04  -3.4718558e-04   5.5409288e-05
  -1.3109328e-03   2.9981166e-02  -1.8123770e-02  -7.9151555e-05  -3.8964155e-04   3.9468573e-04
   9.7405382e-04  -1.3983515e-01  -2.8899456e-02   3.4754443e-04  -7.7702412e-04   3.8984435e-04
  -7.0912308e-03  -4.7698890e-02  -4.9981080e-02   5.3072437e-04  -6.4895511e-04   3.1696665e-04
  -1.0351229e-02  -1.2207156e-01  -1.9785283e-02   4.5527605e-04  -7.5381548e-04   4.8336855e-04
  -1.5056252e-02  -2.4813618e-02  -5.1301126e-02  -2.3025413e-04  -7.3325572e-04   2.6777153e-04
  -7.4662448e-03  -1.2386822e-01  -1.8807300e-02  -9.5247671e-05  -8.7720455e-04   2.0898241e-04
  -1.3029564e-03  -1.0618640e-01  -3.1348676e-02  -7.3047821e-04  -8.7616033e-04   1.1525676e-04
  -7.3075450e-03  -1.0596259e-01   8.3140853e-04  -4.4351103e-04  -8.6638596e-04   1.1724585e-04
  -2.1840301e-03  -1.7983307e-01  -1.2082075e-02  -6.0696610e-04  -1.0215238e-03  -8.7159342e-05
  -3.6359908e-03  -2.5120986e-02  -1.9973420e-02  -2.9029595e-04  -1.2101779e-03   9.5068592e-05
   6.7178223e-03  -1.2061148e-01  -5.9427179e-02  -7.6630707e-04  -1.7520782e-03   1.4790001e-04
  -9.6846792e-03  -1.3923557e-02  -3.7795290e-02  -6.6378802e-04  -1.5337081e-03   9.9833059e-05
  -1.5136960e-03  -1.4115871e-01  -5.1693153e-02  -7.8265494e-05  -1.9106766e-03   4.0808366e-04
  -3.1598946e-03  -4.7992050e-02  -4.9027863e-02  -6.3585360e-04  -1.8226876e-03   2.2396383e-04
  -3.0801426e-03  -1.5775998e-01  -3.5246835e-02  -1.6766251e-04  -2.0264425e-03   1.5500984e-04
  -1.4520428e-03  -1.1228803e-01  -6.6329715e-02  -2.8475584e-04  -1.9824182e-03   2.4380385e-05
  -9.4490307e-03  -9.2213867e-02  -3.2257167e-02  -6.9460085e-04  -2.0858744e-03   2.0709152e-05
  -1.1556286e-02  -4.8226099e-02  -5.9662303e-02  -8.7778953e-04  -1.9836407e-03  -5.1440583e-05
  -2.3902098e-02  -1.1788321e-01  -2.4768646e-02  -8.7269334e-04  -1.9760072e-03  -1.3816188e-04
  -3.0486988e-02  -2.4457403e-02  -7.1696731e-02  -7.4484504e-04  -2.1513859e-03  -3.9999089e-04
  -2.4569703e-02  -1.4295740e-02  -2.3712540e-02  -9.5740086e-04  -2.1165682e-03  -5.5219373e-05
  -1.8953073e-02  -2.1765726e-02  -6.6272190e-02  -9.4034669e-04  -2.3675422e-03  -2.2069978e-04
  -2.6659382e-02  -4.0827332e-02  -4.3068754e-02  -9.1116525e-04  -2.3328460e-03  -3.6825529e-04
  -2.7128575e-02  -8.3696668e-02  -9.6501658e-02  -1.1278762e-03  -2.7722607e-03  -6.9971970e-04
  -4.0034416e-02   6.2316914e-02  -8.3359167e-02  -7.7943425e-04  -2.7812582e-03  -7.2860828e-04
  -2.6063639e-02  -2.2115659e-01  -5.4363147e-02  -9.4720043e-04  -2.7275414e-03  -4.7967461e-04
  -3.7258641e-02   1.0677608e-03  -6.1721153e-02  -1.7336631e-03  -2.7235013e-03  -5.1661809e-04
  -3.9373263e-02  -4.5811242e-02  -7.3496033e-02  -9.2374015e-04  -2.9231337e-03  -6.2953683e-04
  -4.4645705e-02  -8.5438379e-02  -9.4456843e-02  -1.0743987e-03  -3.2188096e-03  -8.5457873e-04
  -5.2100879e-02  -3.4757271e-02  -7.7905948e-02  -8.4945262e-04  -3.2109892e-03  -9.7305702e-04
  -4.6642583e-02  -2.0430736e-01  -6.2073529e-02  -9.1307196e-04  -3.1327023e-03  -8.2415815e-04
  -4.2155944e-02  -8.3688727e-02  -6.6263778e-02  -1.8143278e-03  -2.8473250e-03  -5.5182540e-04
  -5.5101155e-02  -6.2897640e-02  -6.0695361e-02  -1.2725051e-03  -3.1049598e-03  -7.3544647e-04
  -5.0540274e-02  -1.4296166e-01  -7.2353297e-02  -1.4380815e-03  -3.1295994e-03  -8.3592336e-04
  -5.6415073e-02  -2.6867743e-02  -7.4893381e-02  -1.3617409e-03  -3.1830477e-03  -1.0490232e-03
  -5.9588926e-02  -4.0321048e-02  -7.4793560e-02  -1.1130757e-03  -3.0976863e-03  -9.2903136e-04
  -5.8907753e-02  -1.0549446e-01  -6.2250080e-02  -1.7946115e-03  -3.1343861e-03  -6.8724584e-04
  -6.7191580e-02  -3.8403370e-02  -9.7888906e-02  -1.4832501e-03  -3.3363367e-03  -1.1960355e-03
  -7.3645592e-02  -8.8864644e-02  -1.1153334e-01  -7.8793127e-04  -3.2105575e-03  -1.0702547e-03
  -6.6919618e-02  -1.2647851e-01  -9.8778260e-02  -1.5423288e-03  -3.5156350e-03  -9.3820914e-04
  -7.0763269e-02  -1.0182460e-02  -9.0290810e-02  -2.2005447e-03  -3.3676396e-03  -1.0541351e-03
  -7.2551831e-02  -9.8879404e-02  -8.9533853e-02  -9.5492628e-04  -3.2821427e-03  -1.1116499e-03
  -6.8454373e-02  -6.7731198e-02  -1.0555786e-01  -1.5872484e-03  -3.3650407e-03  -1.1289231e-03
  -6.7494102e-02  -1.1741024e-01  -9.3552048e-02  -7.2081099e-04  -3.5624589e-03  -9.5183739e-04
  -6.9976334e-02  -3.2768358e-02  -1.0215850e-01  -1.7897864e-03  -3.2339463e-03  -9.3359881e-04
  -7.5636213e-02  -6.2247978e-02  -6.8876322e-02  -1.6166403e-03  -3.2920764e-03  -9.8030839e-04
  -6.0524149e-02  -6.5523555e-02  -1.0994640e-01  -1.2400429e-03  -3.3420068e-03  -8.3839335e-04
  -6.6503098e-02  -4.1357694e-02  -7.0718006e-02  -1.3463583e-03  -3.2586820e-03  -8.0734837e-04
  -5.8816714e-02  -1.1103562e-01  -1.1524524e-01  -9.0564238e-04  -3.5294834e-03  -9.0476241e-04
  -5.7394033e-02  -4.8639857e-02  -8.2929461e-02  -1.5863970e-03  -3.2935422e-03  -7.4279111e-04
  -4.8074244e-02  -1.3803491e-01  -1.0191288e-01  -1.6223904e-03  -3.4131243e-03  -6.9915029e-04
  -4.5401955e-02  -6.6669564e-02  -1.0242189e-01  -1.4331051e-03  -3.3035354e-03  -6.1368348e-04
  -4.6303441e-02  -1.3962491e-01  -8.5764962e-02  -1.5338112e-03  -3.1988774e-03  -6.0878325e-04
  -4.8862564e-02  -5.8785976e-02  -1.2032454e-01  -1.1043182e-03  -3.4216369e-03  -8.7612603e-04
  -4.9775248e-02  -5.0714439e-02  -1.1545404e-01  -1.1044662e-03  -3.5448017e-03  -8.3310471e-04
  -5.6291298e-02  -9.2037489e-02  -1.1416421e-01  -1.5348092e-03  -3.4264769e-03  -6.7538685e-04
  -5.8356939e-02  -6.0833090e-02  -1.3517901e-01  -7.0079616e-04  -3.5950051e-03  -8.1537414e-04
  -5.1579489e-02  -1.7726805e-01  -8.3485823e-02  -1.1877997e-03  -3.5552136e-03  -6.6213326e-04
  -5.5709577e-02  -5.1027693e-02  -1.3185500e-01  -1.5565711e-03  -3.6138137e-03  -6.6155198e-04
  -6.7956695e-02   5.5351183e-02  -1.1016558e-01  -1.7044811e-03  -3.5594334e-03  -6.6003015e-04
  -5.9092412e-02  -1.0679750e-01  -1.3113255e-01  -1.3999440e-03  -3.5979222e-03  -7.3249698e-04
  -5.4179062e-02  -1.5855943e-02  -1.2827878e-01  -1.7346579e-03  -3.4650341e-03  -6.2206198e-04
  -4.8114704e-02  -1.7347435e-01  -1.3536846e-01  -1.2598701e-03  -3.7043143e-03  -8.5396681e-04
  -5.1493324e-02  -9.6950406e-02  -1.3650240e-01  -1.8589565e-03  -3.5934415e-03  -8.0024466e-04
  -5.6366303e-02  -1.9323296e-01  -1.3675982e-01  -1.6779459e-03  -3.5931829e-03  -8.1772500e-04
  -5.1872592e-02  -5.4531197e-02  -1.5937005e-01  -2.2511366e-03  -3.2311586e-03  -6.2552168e-04
  -5.7314016e-02  -3.7330880e-02  -1.1441620e-01  -1.6137018e-03  -3.2086545e-03  -6.6094258e-04
  -4.5744525e-02  -3.9403249e-02  -1.4580110e-01  -1.4303890e-03  -3.2260133e-03  -5.1183182e-04
  -4.6304144e-02  -1.7299929e-02  -1.4015421e-01  -1.1685500e-03  -3.1991953e-03  -5.0556038e-04
  -4.4031005e-02  -1.0240510e-01  -1.6042072e-01  -1.1887644e-03  -3.5582924e-03  -5.2253049e-04
  -4.8191544e-02  -2.3648213e-02  -1.6312730e-01  -1.0353291e-03  -3.4556979e-03  -4.3292612e-04
  -5.3258013e-02  -1.6071220e-01  -1.5238801e-01  -6.5159342e-04  -3.4058094e-03  -5.8156674e-04
  -5.6304165e-02  -3.3841406e-02  -1.4567304e-01  -1.2938031e-03  -3.4756409e-03  -4.6049462e-04
  -6.2203840e-02  -9.4030310e-02  -1.2054172e-01  -8.6777273e-04  -3.3723298e-03  -4.6195972e-04
  -6.7371291e-02  -4.5440084e-02  -1.4384303e-01  -1.8357310e-03  -3.5032140e-03  -5.3766872e-04
  -7.7761076e-02   8.8897018e-03  -1.4653488e-01  -1.1894476e-03  -3.4842840e-03  -6.4039547e-04
  -6.6361129e-02  -9.0785218e-02  -1.7676159e-01  -1.2015301e-03  -3.5084028e-03  -6.5214314e-04
  -6.7524546e-02   7.3776175e-02  -1.5619085e-01  -1.5032337e-03  -3.5346825e-03  -6.5145860e-04
  -6.2611102e-02  -1.2839034e-01  -1.6353865e-01  -7.8600160e-04  -3.7064354e-03  -5.3907532e-04
  -7.4597332e-02   1.4867814e-02  -1.5599145e-01  -1.6309348e-03  -3.6933060e-03  -7.5829823e-04
  -7.0468876e-02  -3.1511965e-02  -1.5122479e-01  -1.2121166e-03  -3.6556050e-03  -6.6356853e-04
  -6.2637728e-02  -8.1705772e-02  -1.8308805e-01  -1.6965815e-03  -3.7248879e-03  -5.6966317e-04
  -7.0803906e-02   2.3189479e-02  -1.7017966e-01  -1.7979536e-03  -3.4559471e-03  -7.5313519e-04
  -7.4407174e-02  -9.2326676e-02  -1.7650382e-01  -1.1095318e-03  -3.5488020e-03  -8.6756824e-04
  -7.7238068e-02  -8.8250376e-02  -2.0625959e-01  -9.6489433e-04  -3.6667108e-03  -7.0334533e-04
  -7.9735802e-02  -1.2503769e-01  -1.7502699e-01  -5.7253385e-04  -3.7835270e-03  -8.2016716e-04
  -6.8292557e-02  -5.2564160e-02  -1.8039621e-01  -1.3512260e-03  -3.8561737e-03  -7.8558154e-04
  -8.4140995e-02  -8.8232756e-03  -1.8982301e-01  -1.0705697e-03  -3.7081513e-03  -8.6745354e-04
  -8.4968612e-02  -8.0441901e-02  -2.2155793e-01  -1.3179242e-03  -3.8084829e-03  -9.5752558e-04
  -9.3316647e-02  -1.5568213e-02  -2.0032187e-01  -1.6292285e-03  -3.8194413e-03  -1.0657923e-03
  -7.7508904e-02  -1.6703615e-01  -1.9114292e-01  -7.6612910e-04  -3.7997099e-03  -7.1402198e-04
  -8.0856650e-02  -3.3468633e-02  -1.8981401e-01  -1.5043011e-03  -3.9608821e-03  -5.8491223e-04
  -9.4815221e-02  -1.2979197e-01  -1.8560468e-01  -1.2330610e-03  -4.3099058e-03  -9.6910668e-04
  -9.5899242e-02  -7.0851027e-02  -2.1827083e-01  -1.1559496e-03  -4.2876124e-03  -1.1877431e-03
  -1.0296529e-01  -4.7198658e-02  -1.9727293e-01   8.4757464e-05  -4.3359619e-03  -1.1379580e-03
  -9.3502518e-02  -1.1170383e-01  -1.9287188e-01  -1.1493422e-03  -4.1955522e-03  -7.7262352e-04
  -1.0228138e-01  -6.2454540e-02  -1.8658214e-01  -7.8142250e-04  -4.1527229e-03  -7.7059324e-04
  -1.0191231e-01  -1.0528835e-01  -1.8957883e-01  -5.6900578e-04  -4.2944790e-03  -8.2186325e-04
  -1.0809689e-01  -8.0517844e-02  -2.0963610e-01   1.0237205e-04  -4.4237838e-03  -1.0880762e-03
  -1.0669189e-01  -7.2407719e-02  -1.8333182e-01  -3.8994072e-04  -4.3374724e-03  -8.1119427e-04
  -1.0915499e-01  -4.3228317e-02  -1.9157040e-01  -9.2852729e-04  -4.2029286e-03  -7.4076550e-04
  -1.0634099e-01  -1.3242821e-01  -1.8140230e-01  -8.0241514e-04  -4.1796394e-03  -7.9704220e-04
  -9.9725575e-02  -1.1023656e-01  -2.1070908e-01  -3.7433900e-04  -4.1739721e-03  -8.1161847e-04
  -1.0587234e-01  -1.4340837e-01  -1.6014060e-01  -9.3411493e-04  -4.1836455e-03  -8.2710708e-04
  -9.9515601e-02  -8.3236300e-02  -1.9029367e-01  -6.1266552e-04  -4.5636035e-03  -8.4093381e-04
  -9.6114600e-02  -3.2961095e-03  -1.9646813e-01  -4.1166733e-05  -4.7048232e-03  -6.6332436e-04
  -8.9126606e-02  -8.2545061e-02  -2.1078506e-01   5.7963278e-06  -4.4815861e-03  -5.0590750e-04
  -9.7742993e-02   1.6002300e-02  -2.1360320e-01  -1.5492142e-03  -4.2399436e-03  -6.7217496e-04
  -1.0220144e-01  -8.1541800e-02  -2.0642308e-01  -8.3910239e-04  -4.4776788e-03  -6.1551385e-04
  -9.3165068e-02  -4.5242962e-02  -1.9266634e-01  -1.1231626e-03  -4.7870817e-03  -5.2786939e-04
  -9.0709038e-02  -5.9708740e-02  -1.8577910e-01  -7.0190298e-04  -4.2906553e-03  -4.4181073e-04
  -8.4831705e-02  -5.4554923e-02  -2.1154673e-01  -9.2552180e-04  -4.3853101e-03  -6.3385292e-04
  -8.8419622e-02  -2.1249255e-02  -1.8446779e-01  -9.1844913e-04  -4.5718139e-03  -5.0396398e-04
  -8.9462064e-02  -1.0374548e-01  -2.0748682e-01  -1.3412426e-03  -4.6529546e-03  -6.8741941e-04
  -9.5657682e-02   1.8471701e-02  -2.0365334e-01  -6.6772758e-04  -4.5295668e-03  -6.1968031e-04
  -7.5468039e-02  -8.0720772e-02  -1.8373617e-01  -1.0726622e-03  -4.7702388e-03  -3.8401870e-04
  -7.2468926e-02   1.5755153e-02  -1.8554856e-01  -1.0261535e-03  -4.4511795e-03  -2.0624745e-04
  -6.5499135e-02  -1.2552678e-01  -2.1106660e-01  -1.1295532e-03  -4.5611088e-03  -2.8332412e-04
  -8.2401897e-02   5.0032818e-02  -2.2263421e-01  -1.3547719e-03  -4.4623412e-03  -4.7893972e-04
  -9.1705241e-02  -3.5087343e-02  -2.1427896e-01  -6.6376187e-04  -4.7196805e-03  -4.9232202e-04
  -9.9647837e-02  -1.3121294e-01  -2.1703911e-01  -1.4234878e-03  -4.9747581e-03  -6.7871874e-04
  -1.0450210e-01   3.4388339e-02  -2.1913697e-01  -1.8503757e-03  -4.8059884e-03  -3.6363572e-04
  -1.0959596e-01  -1.1931906e-01  -2.0822011e-01  -8.2905815e-04  -4.9276469e-03  -5.8968566e-04
  -1.0348193e-01  -4.0882096e-02  -2.0840271e-01  -2.0109644e-03  -4.9668168e-03  -4.7797041e-04
  -1.1356100e-01   9.5554425e-03  -2.0244490e-01  -1.8986579e-03  -4.9308761e-03  -5.5864937e-04
  -1.0942694e-01  -1.2750222e-01  -2.5063402e-01  -1.1129703e-03  -4.9648705e-03  -5.7029902e-04
  -1.1460145e-01   2.1740921e-02  -2.2268895e-01  -1.6544940e-03  -4.9701331e-03  -5.9815547e-04
  -1.0479926e-01  -9.0525611e-02  -2.4902007e-01  -1.5644636e-03  -5.2647376e-03  -3.7547061e-04
  -1.1006938e-01  -2.2091075e-02  -2.5833975e-01  -1.3955042e-03  -5.2704119e-03  -5.4898969e-04
  -1.1105282e-01  -1.4320630e-01  -2.2451809e-01  -1.4866737e-03  -5.6381002e-03  -5.6972736e-04
  -1.1674460e-01  -3.9351204e-02  -2.4433204e-01  -1.8140113e-03  -5.5215856e-03  -2.9700691e-04
  -1.2090674e-01  -1.6962664e-02  -2.2979072e-01  -1.0690136e-03  -5.6476413e-03  -3.7908929e-04
  -1.1620373e-01  -7.0425792e-02  -2.5725855e-01  -1.4460498e-03  -5.7741225e-03  -5.7085054e-04
  -1.2080221e-01   6.6700548e-02  -2.7947084e-01  -1.2161462e-03  -5.5501706e-03  -5.7895824e-04
  -1.1797825e-01  -6.8014580e-02  -2.6522544e-01  -1.1485722e-03  -5.4940736e-03  -3.7797896e-04
  -1.1422804e-01  -1.2970392e-01  -2.9702822e-01  -3.7166644e-04  -5.6197021e-03  -5.0057678e-04
  -1.1323513e-01   3.9627506e-02  -2.5013591e-01  -1.1712483e-03  -5.6421505e-03  -2.6699905e-04
  -1.1371186e-01  -1.1574294e-01  -2.4810322e-01  -1.2276787e-03  -5.7376395e-03  -3.3174162e-04
  -1.2377649e-01   5.0935239e-02  -2.5676955e-01  -1.4314965e-03  -5.4707527e-03  -4.2682187e-04
  -1.1967319e-01  -6.7679954e-02  -2.6402606e-01  -8.1255942e-04  -6.0629779e-03  -4.9140157e-04
  -1.1952414e-01  -1.9178004e-02  -2.8559613e-01  -1.3728064e-03  -5.8847025e-03  -6.6545882e-04
  -1.3627156e-01  -2.9646292e-03  -2.6293880e-01  -8.1243009e-04  -5.7927451e-03  -5.8297663e-04
  -1.1884099e-01  -7.4635554e-02  -2.7258565e-01  -1.2689070e-03  -6.1575133e-03  -4.3514849e-04
  -1.2408217e-01  -1.5258287e-02  -2.7261614e-01  -5.7956863e-04  -6.1603505e-03  -5.4420830e-04
  -1.2331510e-01  -9.4416532e-02  -2.8940652e-01  -8.3107103e-04  -6.2421332e-03  -5.8288426e-04
  -1.2893007e-01   9.7399102e-02  -2.8440902e-01  -1.5370492e-03  -6.0184525e-03  -5.2795407e-04
  -1.3223626e-01  -1.8701104e-02  -2.7755886e-01  -5.1534986e-06  -6.0455357e-03  -6.2346915e-04
  -1.1965273e-01  -2.8366057e-02  -3.0357171e-01  -1.6185373e-04  -6.3102348e-03  -5.4518721e-04
  -1.2222773e-01  -6.8827774e-02  -2.8101428e-01  -5.4692080e-04  -6.4436050e-03  -5.7869672e-04
  -1.1910147e-01  -6.4727312e-02  -2.9636133e-01  -1.0925500e-03  -6.3630973e-03  -3.4892970e-04
  -1.3253976e-01   3.3896815e-02  -2.7526385e-01  -1.1523763e-03  -6.2405752e-03  -5.6304390e-04
  -1.3317110e-01  -9.5093219e-02  -2.7423640e-01  -1.4320249e-03  -6.5429843e-03  -6.9125934e-04
  -1.3470380e-01  -2.3977427e-02  -3.1560472e-01  -9.1099042e-04  -6.4196515e-03  -7.7420022e-04
  -1.3296949e-01  -1.4822308e-02  -2.6434788e-01  -1.5103786e-03  -6.4761845e-03  -6.9707969e-04
  -1.2768117e-01  -3.9417753e-02  -2.8970290e-01  -4.2684207e-04  -6.5950173e-03  -6.8317106e-04
